bias(V)	absmean(A)	mean(A)	range/2(A)	relerror
0.000000	3.729607E-9	3.729607E-9	0.000000	0.000000
0.400000	7.484594E-5	7.484594E-5	0.000000	0.000000
0.800000	0.000175	0.000175	0.000000	0.000000
1.200000	0.000276	0.000276	0.000000	0.000000
1.600000	0.000354	0.000354	0.000000	0.000000
2.000000	0.000394	0.000394	0.000000	0.000000
2.400000	0.000406	0.000406	0.000000	0.000000
2.800000	0.000413	0.000413	0.000000	0.000000
3.200000	0.000418	0.000418	0.000000	0.000000
3.600000	0.000424	0.000424	0.000000	0.000000
4.000000	0.000428	0.000428	0.000000	0.000000
4.400000	0.000433	0.000433	0.000000	0.000000
4.800000	0.000437	0.000437	0.000000	0.000000
5.200000	0.000441	0.000441	0.000000	0.000000
5.600000	0.000445	0.000445	0.000000	0.000000
6.000000	0.000449	0.000449	0.000000	0.000000
6.400000	0.000452	0.000452	0.000000	0.000000
6.800000	0.000456	0.000456	0.000000	0.000000
7.200000	0.000459	0.000459	0.000000	0.000000
7.600000	0.000462	0.000462	0.000000	0.000000
8.000000	0.000465	0.000465	0.000000	0.000000
8.400000	0.000468	0.000468	0.000000	0.000000
8.800000	0.000471	0.000471	0.000000	0.000000
9.200000	0.000474	0.000474	0.000000	0.000000
9.600000	0.000476	0.000476	0.000000	0.000000
10.000000	0.000479	0.000479	0.000000	0.000000
