bias(V)	absmean(A)	mean(A)	range/2(A)	relerror
0.000000	5.828969E-9	5.828969E-9	0.000000	0.000000
0.400000	9.359799E-5	9.359799E-5	0.000000	0.000000
0.800000	0.000256	0.000256	0.000000	0.000000
1.200000	0.000472	0.000472	0.000000	0.000000
1.600000	0.000713	0.000713	0.000000	0.000000
2.000000	0.000959	0.000959	0.000000	0.000000
2.400000	0.001200	0.001200	0.000000	0.000000
2.800000	0.001427	0.001427	0.000000	0.000000
3.200000	0.001636	0.001636	0.000000	0.000000
3.600000	0.001820	0.001820	0.000000	0.000000
4.000000	0.001976	0.001976	0.000000	0.000000
4.400000	0.002099	0.002099	0.000000	0.000000
4.800000	0.002184	0.002184	0.000000	0.000000
5.200000	0.002231	0.002231	0.000000	0.000000
5.600000	0.002254	0.002254	0.000000	0.000000
6.000000	0.002268	0.002268	0.000000	0.000000
6.400000	0.002281	0.002281	0.000000	0.000000
6.800000	0.002292	0.002292	0.000000	0.000000
7.200000	0.002302	0.002302	0.000000	0.000000
7.600000	0.002311	0.002311	0.000000	0.000000
8.000000	0.002319	0.002319	0.000000	0.000000
8.400000	0.002327	0.002327	0.000000	0.000000
8.800000	0.002335	0.002335	0.000000	0.000000
9.200000	0.002342	0.002342	0.000000	0.000000
9.600000	0.002349	0.002349	0.000000	0.000000
10.000000	0.002356	0.002356	0.000000	0.000000
