bias(V)	absmean(A)	mean(A)	range/2(A)	relerror
0.000000	1.509773E-6	-1.509773E-6	0.000000	0.000000
0.400000	0.000134	0.000134	0.000000	0.000000
0.800000	0.000425	0.000425	0.000000	0.000000
1.200000	0.000873	0.000873	0.000000	0.000000
1.600000	0.001418	0.001418	0.000000	0.000000
2.000000	0.002016	0.002016	0.000000	0.000000
2.400000	0.002629	0.002629	0.000000	0.000000
2.800000	0.003233	0.003233	0.000000	0.000000
3.200000	0.003785	0.003785	0.000000	0.000000
3.600000	0.004300	0.004300	0.000000	0.000000
4.000000	0.004739	0.004739	0.000000	0.000000
4.400000	0.005088	0.005088	0.000000	0.000000
4.800000	0.004935	0.004935	0.000000	0.000000
5.200000	0.005230	0.005230	0.000000	0.000000
5.600000	0.005431	0.005431	0.000000	0.000000
6.000000	0.005552	0.005552	0.000000	0.000000
6.400000	0.005646	0.005646	0.000000	0.000000
6.800000	0.005718	0.005718	0.000000	0.000000
7.200000	0.005784	0.005784	0.000000	0.000000
7.600000	0.005843	0.005843	0.000000	0.000000
8.000000	0.005900	0.005900	0.000000	0.000000
8.400000	0.005952	0.005952	0.000000	0.000000
8.800000	0.006003	0.006003	0.000000	0.000000
9.200000	0.006051	0.006051	0.000000	0.000000
9.600000	0.006141	0.006141	0.000000	0.000000
10.000000	0.006196	0.006196	0.000000	0.000000
