bias(V)	absmean(A)	mean(A)	range/2(A)	relerror
0.000000	1.344578E-8	1.344578E-8	0.000000	0.000000
0.400000	0.000126	0.000126	0.000000	0.000000
0.800000	0.000372	0.000372	0.000000	0.000000
1.200000	0.000715	0.000715	0.000000	0.000000
1.600000	0.001094	0.001094	0.000000	0.000000
2.000000	0.001461	0.001461	0.000000	0.000000
2.400000	0.001779	0.001779	0.000000	0.000000
2.800000	0.002024	0.002024	0.000000	0.000000
3.200000	0.002170	0.002170	0.000000	0.000000
3.600000	0.002251	0.002251	0.000000	0.000000
4.000000	0.002304	0.002304	0.000000	0.000000
4.400000	0.002348	0.002348	0.000000	0.000000
4.800000	0.002405	0.002405	0.000000	0.000000
5.200000	0.002441	0.002441	0.000000	0.000000
5.600000	0.002471	0.002471	0.000000	0.000000
6.000000	0.002478	0.002478	0.000000	0.000000
6.400000	0.002519	0.002519	0.000000	0.000000
6.800000	0.002552	0.002552	0.000000	0.000000
7.200000	0.002585	0.002585	0.000000	0.000000
7.600000	0.002608	0.002608	0.000000	0.000000
8.000000	0.002633	0.002633	0.000000	0.000000
8.400000	0.002702	0.002702	0.000000	0.000000
8.800000	0.002737	0.002737	0.000000	0.000000
9.200000	0.002771	0.002771	0.000000	0.000000
9.600000	0.002805	0.002805	0.000000	0.000000
10.000000	0.002844	0.002844	0.000000	0.000000
