bias(V)	absmean(A)	mean(A)	range/2(A)	relerror
0.000000	5.655414E-9	5.655414E-9	0.000000	0.000000
0.400000	9.871598E-5	9.871598E-5	0.000000	0.000000
0.800000	0.000194	0.000194	0.000000	0.000000
1.200000	0.000230	0.000230	0.000000	0.000000
1.600000	0.000249	0.000249	0.000000	0.000000
2.000000	0.000265	0.000265	0.000000	0.000000
2.400000	0.000278	0.000278	0.000000	0.000000
2.800000	0.000291	0.000291	0.000000	0.000000
3.200000	0.000303	0.000303	0.000000	0.000000
3.600000	0.000314	0.000314	0.000000	0.000000
4.000000	0.000325	0.000325	0.000000	0.000000
4.400000	0.000336	0.000336	0.000000	0.000000
4.800000	0.000346	0.000346	0.000000	0.000000
5.200000	0.000357	0.000357	0.000000	0.000000
5.600000	0.000367	0.000367	0.000000	0.000000
6.000000	0.000378	0.000378	0.000000	0.000000
6.400000	0.000389	0.000389	0.000000	0.000000
6.800000	0.000399	0.000399	0.000000	0.000000
7.200000	0.000410	0.000410	0.000000	0.000000
7.600000	0.000422	0.000422	0.000000	0.000000
8.000000	0.000433	0.000433	0.000000	0.000000
8.400000	0.000445	0.000445	0.000000	0.000000
8.800000	0.000457	0.000457	0.000000	0.000000
9.200000	0.000470	0.000470	0.000000	0.000000
9.600000	0.000483	0.000483	0.000000	0.000000
10.000000	0.000496	0.000496	0.000000	0.000000
