bias(V)	absmean(A)	mean(A)	range/2(A)	relerror
0.000000	1.421495E-8	1.421495E-8	0.000000	0.000000
0.400000	0.000137	0.000137	0.000000	0.000000
0.800000	0.000431	0.000431	0.000000	0.000000
1.200000	0.000887	0.000887	0.000000	0.000000
1.600000	0.001443	0.001443	0.000000	0.000000
2.000000	0.002052	0.002052	0.000000	0.000000
2.400000	0.002678	0.002678	0.000000	0.000000
2.800000	0.003291	0.003291	0.000000	0.000000
3.200000	0.003870	0.003870	0.000000	0.000000
3.600000	0.004390	0.004390	0.000000	0.000000
4.000000	0.004830	0.004830	0.000000	0.000000
4.400000	0.005173	0.005173	0.000000	0.000000
4.800000	0.005410	0.005410	0.000000	0.000000
5.200000	0.005559	0.005559	0.000000	0.000000
5.600000	0.005661	0.005661	0.000000	0.000000
6.000000	0.005741	0.005741	0.000000	0.000000
6.400000	0.005810	0.005810	0.000000	0.000000
6.800000	0.005872	0.005872	0.000000	0.000000
7.200000	0.005930	0.005930	0.000000	0.000000
7.600000	0.005985	0.005985	0.000000	0.000000
8.000000	0.006037	0.006037	0.000000	0.000000
8.400000	0.006087	0.006087	0.000000	0.000000
8.800000	0.006136	0.006136	0.000000	0.000000
9.200000	0.006186	0.006186	0.000000	0.000000
9.600000	0.006238	0.006238	0.000000	0.000000
10.000000	0.006293	0.006293	0.000000	0.000000
