bias(V)	absmean(A)	mean(A)	range/2(A)	relerror
0.000000	1.216720E-9	1.216720E-9	0.000000	0.000000
0.400000	9.530471E-5	9.530471E-5	0.000000	0.000000
0.800000	0.000246	0.000246	0.000000	0.000000
1.200000	0.000394	0.000394	0.000000	0.000000
1.600000	0.000495	0.000495	0.000000	0.000000
2.000000	0.000537	0.000537	0.000000	0.000000
2.400000	0.000553	0.000553	0.000000	0.000000
2.800000	0.000565	0.000565	0.000000	0.000000
3.200000	0.000575	0.000575	0.000000	0.000000
3.600000	0.000583	0.000583	0.000000	0.000000
4.000000	0.000591	0.000591	0.000000	0.000000
4.400000	0.000598	0.000598	0.000000	0.000000
4.800000	0.000605	0.000605	0.000000	0.000000
5.200000	0.000611	0.000611	0.000000	0.000000
5.600000	0.000617	0.000617	0.000000	0.000000
6.000000	0.000623	0.000623	0.000000	0.000000
6.400000	0.000628	0.000628	0.000000	0.000000
6.800000	0.000633	0.000633	0.000000	0.000000
7.200000	0.000638	0.000638	0.000000	0.000000
7.600000	0.000643	0.000643	0.000000	0.000000
8.000000	0.000648	0.000648	0.000000	0.000000
8.400000	0.000652	0.000652	0.000000	0.000000
8.800000	0.000657	0.000657	0.000000	0.000000
9.200000	0.000661	0.000661	0.000000	0.000000
9.600000	0.000665	0.000665	0.000000	0.000000
10.000000	0.000670	0.000670	0.000000	0.000000
