bias(V)	absmean(A)	mean(A)	range/2(A)	relerror
0.000000	5.533264E-9	5.533264E-9	0.000000	0.000000
0.400000	7.160934E-5	7.160934E-5	0.000000	0.000000
0.800000	0.000170	0.000170	0.000000	0.000000
1.200000	0.000285	0.000285	0.000000	0.000000
1.600000	0.000401	0.000401	0.000000	0.000000
2.000000	0.000511	0.000511	0.000000	0.000000
2.400000	0.000609	0.000609	0.000000	0.000000
2.800000	0.000693	0.000693	0.000000	0.000000
3.200000	0.000759	0.000759	0.000000	0.000000
3.600000	0.000806	0.000806	0.000000	0.000000
4.000000	0.000831	0.000831	0.000000	0.000000
4.400000	0.000841	0.000841	0.000000	0.000000
4.800000	0.000847	0.000847	0.000000	0.000000
5.200000	0.000853	0.000853	0.000000	0.000000
5.600000	0.000858	0.000858	0.000000	0.000000
6.000000	0.000862	0.000862	0.000000	0.000000
6.400000	0.000866	0.000866	0.000000	0.000000
6.800000	0.000871	0.000871	0.000000	0.000000
7.200000	0.000875	0.000875	0.000000	0.000000
7.600000	0.000878	0.000878	0.000000	0.000000
8.000000	0.000882	0.000882	0.000000	0.000000
8.400000	0.000886	0.000886	0.000000	0.000000
8.800000	0.000889	0.000889	0.000000	0.000000
9.200000	0.000892	0.000892	0.000000	0.000000
9.600000	0.000895	0.000895	0.000000	0.000000
10.000000	0.000898	0.000898	0.000000	0.000000
