bias(V)	absmean(A)	mean(A)	range/2(A)	relerror
0.000000	5.596271E-9	5.596271E-9	0.000000	0.000000
0.400000	7.551995E-5	7.551995E-5	0.000000	0.000000
0.800000	0.000185	0.000185	0.000000	0.000000
1.200000	0.000318	0.000318	0.000000	0.000000
1.600000	0.000457	0.000457	0.000000	0.000000
2.000000	0.000595	0.000595	0.000000	0.000000
2.400000	0.000725	0.000725	0.000000	0.000000
2.800000	0.000845	0.000845	0.000000	0.000000
3.200000	0.000952	0.000952	0.000000	0.000000
3.600000	0.001044	0.001044	0.000000	0.000000
4.000000	0.001120	0.001120	0.000000	0.000000
4.400000	0.001177	0.001177	0.000000	0.000000
4.800000	0.001214	0.001214	0.000000	0.000000
5.200000	0.001232	0.001232	0.000000	0.000000
5.600000	0.001241	0.001241	0.000000	0.000000
6.000000	0.001248	0.001248	0.000000	0.000000
6.400000	0.001254	0.001254	0.000000	0.000000
6.800000	0.001260	0.001260	0.000000	0.000000
7.200000	0.001265	0.001265	0.000000	0.000000
7.600000	0.001270	0.001270	0.000000	0.000000
8.000000	0.001275	0.001275	0.000000	0.000000
8.400000	0.001279	0.001279	0.000000	0.000000
8.800000	0.001283	0.001283	0.000000	0.000000
9.200000	0.001288	0.001288	0.000000	0.000000
9.600000	0.001292	0.001292	0.000000	0.000000
10.000000	0.001296	0.001296	0.000000	0.000000
