bias(V)	absmean(A)	mean(A)	range/2(A)	relerror
0.000000	7.830524E-9	-7.830524E-9	0.000000	0.000000
0.400000	6.352302E-5	6.352302E-5	0.000000	0.000000
0.800000	0.000106	0.000106	0.000000	0.000000
1.200000	0.000117	0.000117	0.000000	0.000000
1.600000	0.000124	0.000124	0.000000	0.000000
2.000000	0.000129	0.000129	0.000000	0.000000
2.400000	0.000134	0.000134	0.000000	0.000000
2.800000	0.000138	0.000138	0.000000	0.000000
3.200000	0.000142	0.000142	0.000000	0.000000
3.600000	0.000145	0.000145	0.000000	0.000000
4.000000	0.000147	0.000147	0.000000	0.000000
4.400000	0.000150	0.000150	0.000000	0.000000
4.800000	0.000152	0.000152	0.000000	0.000000
5.200000	0.000154	0.000154	0.000000	0.000000
5.600000	0.000156	0.000156	0.000000	0.000000
6.000000	0.000158	0.000158	0.000000	0.000000
6.400000	0.000160	0.000160	0.000000	0.000000
6.800000	0.000162	0.000162	0.000000	0.000000
7.200000	0.000163	0.000163	0.000000	0.000000
7.600000	0.000165	0.000165	0.000000	0.000000
8.000000	0.000166	0.000166	0.000000	0.000000
8.400000	0.000168	0.000168	0.000000	0.000000
8.800000	0.000169	0.000169	0.000000	0.000000
9.200000	0.000170	0.000170	0.000000	0.000000
9.600000	0.000172	0.000172	0.000000	0.000000
10.000000	0.000173	0.000173	0.000000	0.000000
