bias(V)	absmean(A)	mean(A)	range/2(A)	relerror
0.000000	1.141195E-8	1.141195E-8	0.000000	0.000000
0.400000	0.000124	0.000124	0.000000	0.000000
0.800000	0.000343	0.000343	0.000000	0.000000
1.200000	0.000608	0.000608	0.000000	0.000000
1.600000	0.000834	0.000834	0.000000	0.000000
2.000000	0.000960	0.000960	0.000000	0.000000
2.400000	0.001017	0.001017	0.000000	0.000000
2.800000	0.001056	0.001056	0.000000	0.000000
3.200000	0.001089	0.001089	0.000000	0.000000
3.600000	0.001118	0.001118	0.000000	0.000000
4.000000	0.001146	0.001146	0.000000	0.000000
4.400000	0.001171	0.001171	0.000000	0.000000
4.800000	0.001196	0.001196	0.000000	0.000000
5.200000	0.001220	0.001220	0.000000	0.000000
5.600000	0.001243	0.001243	0.000000	0.000000
6.000000	0.001265	0.001265	0.000000	0.000000
6.400000	0.001287	0.001287	0.000000	0.000000
6.800000	0.001309	0.001309	0.000000	0.000000
7.200000	0.001330	0.001330	0.000000	0.000000
7.600000	0.001352	0.001352	0.000000	0.000000
8.000000	0.001373	0.001373	0.000000	0.000000
8.400000	0.001395	0.001395	0.000000	0.000000
8.800000	0.001417	0.001417	0.000000	0.000000
9.200000	0.001440	0.001440	0.000000	0.000000
9.600000	0.001464	0.001464	0.000000	0.000000
10.000000	0.001489	0.001489	0.000000	0.000000
