bias(V)	absmean(A)	mean(A)	range/2(A)	relerror
0.000000	1.524463E-9	-1.524463E-9	0.000000	0.000000
0.400000	3.728036E-5	3.728036E-5	0.000000	0.000000
0.800000	6.123480E-5	6.123480E-5	0.000000	0.000000
1.200000	6.953825E-5	6.953825E-5	0.000000	0.000000
1.600000	7.495871E-5	7.495871E-5	0.000000	0.000000
2.000000	7.996545E-5	7.996545E-5	0.000000	0.000000
2.400000	8.465592E-5	8.465592E-5	0.000000	0.000000
2.800000	8.896802E-5	8.896802E-5	0.000000	0.000000
3.200000	9.291695E-5	9.291695E-5	0.000000	0.000000
3.600000	9.654890E-5	9.654890E-5	0.000000	0.000000
4.000000	9.990637E-5	9.990637E-5	0.000000	0.000000
4.400000	0.000103	0.000103	0.000000	0.000000
4.800000	0.000106	0.000106	0.000000	0.000000
5.200000	0.000109	0.000109	0.000000	0.000000
5.600000	0.000111	0.000111	0.000000	0.000000
6.000000	0.000114	0.000114	0.000000	0.000000
6.400000	0.000116	0.000116	0.000000	0.000000
6.800000	0.000118	0.000118	0.000000	0.000000
7.200000	0.000120	0.000120	0.000000	0.000000
7.600000	0.000122	0.000122	0.000000	0.000000
8.000000	0.000124	0.000124	0.000000	0.000000
8.400000	0.000126	0.000126	0.000000	0.000000
8.800000	0.000127	0.000127	0.000000	0.000000
9.200000	0.000129	0.000129	0.000000	0.000000
9.600000	0.000130	0.000130	0.000000	0.000000
10.000000	0.000131	0.000131	0.000000	0.000000
