bias(V)	absmean(A)	mean(A)	range/2(A)	relerror
0.000000	2.971959E-9	2.971959E-9	0.000000	0.000000
0.400000	0.000107	0.000107	0.000000	0.000000
0.800000	0.000307	0.000307	0.000000	0.000000
1.200000	0.000550	0.000550	0.000000	0.000000
1.600000	0.000789	0.000789	0.000000	0.000000
2.000000	0.000993	0.000993	0.000000	0.000000
2.400000	0.001144	0.001144	0.000000	0.000000
2.800000	0.001229	0.001229	0.000000	0.000000
3.200000	0.001267	0.001267	0.000000	0.000000
3.600000	0.001289	0.001289	0.000000	0.000000
4.000000	0.001307	0.001307	0.000000	0.000000
4.400000	0.001322	0.001322	0.000000	0.000000
4.800000	0.001336	0.001336	0.000000	0.000000
5.200000	0.001348	0.001348	0.000000	0.000000
5.600000	0.001360	0.001360	0.000000	0.000000
6.000000	0.001371	0.001371	0.000000	0.000000
6.400000	0.001382	0.001382	0.000000	0.000000
6.800000	0.001391	0.001391	0.000000	0.000000
7.200000	0.001401	0.001401	0.000000	0.000000
7.600000	0.001410	0.001410	0.000000	0.000000
8.000000	0.001419	0.001419	0.000000	0.000000
8.400000	0.001427	0.001427	0.000000	0.000000
8.800000	0.001436	0.001436	0.000000	0.000000
9.200000	0.001444	0.001444	0.000000	0.000000
9.600000	0.001453	0.001453	0.000000	0.000000
10.000000	0.001461	0.001461	0.000000	0.000000
