bias(V)	absmean(A)	mean(A)	range/2(A)	relerror
-2.000000	2.320037E-5	2.320037E-5	0.000000	0.000000
-1.900000	2.364672E-5	2.364672E-5	0.000000	0.000000
-1.800000	2.412618E-5	2.412618E-5	0.000000	0.000000
-1.700000	2.462737E-5	2.462737E-5	0.000000	0.000000
-1.600000	2.515008E-5	2.515008E-5	0.000000	0.000000
-1.500000	2.567205E-5	2.567205E-5	0.000000	0.000000
-1.400000	2.619182E-5	2.619182E-5	0.000000	0.000000
-1.300000	2.671030E-5	2.671030E-5	0.000000	0.000000
-1.200000	2.721688E-5	2.721688E-5	0.000000	0.000000
-1.100000	2.771089E-5	2.771089E-5	0.000000	0.000000
-1.000000	2.818807E-5	2.818807E-5	0.000000	0.000000
-0.900000	2.864867E-5	2.864867E-5	0.000000	0.000000
-0.800000	2.909895E-5	2.909895E-5	0.000000	0.000000
-0.700000	2.954487E-5	2.954487E-5	0.000000	0.000000
-0.600000	2.999258E-5	2.999258E-5	0.000000	0.000000
-0.500000	3.042300E-5	3.042300E-5	0.000000	0.000000
-0.400000	3.085459E-5	3.085459E-5	0.000000	0.000000
-0.300000	3.127753E-5	3.127753E-5	0.000000	0.000000
-0.200000	3.170198E-5	3.170198E-5	0.000000	0.000000
-0.100000	3.212268E-5	3.212268E-5	0.000000	0.000000
0.000000	3.254786E-5	3.254786E-5	0.000000	0.000000
0.100000	3.297053E-5	3.297053E-5	0.000000	0.000000
0.200000	3.343082E-5	3.343082E-5	0.000000	0.000000
0.300000	3.414988E-5	3.414988E-5	0.000000	0.000000
0.400000	3.633034E-5	3.633034E-5	0.000000	0.000000
0.500000	4.206613E-5	4.206613E-5	0.000000	0.000000
0.600000	5.207398E-5	5.207398E-5	0.000000	0.000000
0.700000	6.608629E-5	6.608629E-5	0.000000	0.000000
0.800000	8.227301E-5	8.227301E-5	0.000000	0.000000
0.900000	9.102398E-5	9.102398E-5	0.000000	0.000000
1.000000	9.548221E-5	9.548221E-5	0.000000	0.000000
1.100000	9.660950E-5	9.660950E-5	0.000000	0.000000
1.200000	9.719648E-5	9.719648E-5	0.000000	0.000000
1.300000	9.757457E-5	9.757457E-5	0.000000	0.000000
1.400000	9.784495E-5	9.784495E-5	0.000000	0.000000
1.500000	9.805305E-5	9.805305E-5	0.000000	0.000000
1.600000	9.821688E-5	9.821688E-5	0.000000	0.000000
1.700000	9.835175E-5	9.835175E-5	0.000000	0.000000
1.800000	9.846155E-5	9.846155E-5	0.000000	0.000000
1.900000	9.855589E-5	9.855589E-5	0.000000	0.000000
2.000000	9.863694E-5	9.863694E-5	0.000000	0.000000
