bias(V)	absmean(A)	mean(A)	range/2(A)	relerror
0.000000	1.470644E-8	1.470644E-8	0.000000	0.000000
0.400000	0.000135	0.000135	0.000000	0.000000
0.800000	0.000414	0.000414	0.000000	0.000000
1.200000	0.000833	0.000833	0.000000	0.000000
1.600000	0.001329	0.001329	0.000000	0.000000
2.000000	0.001851	0.001851	0.000000	0.000000
2.400000	0.002359	0.002359	0.000000	0.000000
2.800000	0.002821	0.002821	0.000000	0.000000
3.200000	0.003209	0.003209	0.000000	0.000000
3.600000	0.003496	0.003496	0.000000	0.000000
4.000000	0.003677	0.003677	0.000000	0.000000
4.400000	0.003783	0.003783	0.000000	0.000000
4.800000	0.003859	0.003859	0.000000	0.000000
5.200000	0.003922	0.003922	0.000000	0.000000
5.600000	0.003978	0.003978	0.000000	0.000000
6.000000	0.004029	0.004029	0.000000	0.000000
6.400000	0.004078	0.004078	0.000000	0.000000
6.800000	0.004123	0.004123	0.000000	0.000000
7.200000	0.004167	0.004167	0.000000	0.000000
7.600000	0.004210	0.004210	0.000000	0.000000
8.000000	0.004251	0.004251	0.000000	0.000000
8.400000	0.004292	0.004292	0.000000	0.000000
8.800000	0.004334	0.004334	0.000000	0.000000
9.200000	0.004377	0.004377	0.000000	0.000000
9.600000	0.004423	0.004423	0.000000	0.000000
10.000000	0.004473	0.004473	0.000000	0.000000
