bias(V)	absmean(A)	mean(A)	range/2(A)	relerror
0.000000	5.594423E-9	5.594423E-9	0.000000	0.000000
0.400000	8.978580E-5	8.978580E-5	0.000000	0.000000
0.800000	0.000239	0.000239	0.000000	0.000000
1.200000	0.000428	0.000428	0.000000	0.000000
1.600000	0.000631	0.000631	0.000000	0.000000
2.000000	0.000830	0.000830	0.000000	0.000000
2.400000	0.001015	0.001015	0.000000	0.000000
2.800000	0.001177	0.001177	0.000000	0.000000
3.200000	0.001310	0.001310	0.000000	0.000000
3.600000	0.001409	0.001409	0.000000	0.000000
4.000000	0.001468	0.001468	0.000000	0.000000
4.400000	0.001493	0.001493	0.000000	0.000000
4.800000	0.001507	0.001507	0.000000	0.000000
5.200000	0.001517	0.001517	0.000000	0.000000
5.600000	0.001527	0.001527	0.000000	0.000000
6.000000	0.001535	0.001535	0.000000	0.000000
6.400000	0.001543	0.001543	0.000000	0.000000
6.800000	0.001550	0.001550	0.000000	0.000000
7.200000	0.001557	0.001557	0.000000	0.000000
7.600000	0.001564	0.001564	0.000000	0.000000
8.000000	0.001570	0.001570	0.000000	0.000000
8.400000	0.001575	0.001575	0.000000	0.000000
8.800000	0.001581	0.001581	0.000000	0.000000
9.200000	0.001587	0.001587	0.000000	0.000000
9.600000	0.001592	0.001592	0.000000	0.000000
10.000000	0.001597	0.001597	0.000000	0.000000
