bias(V)	absmean(A)	mean(A)	range/2(A)	relerror
0.000000	1.991538E-9	-1.991538E-9	0.000000	0.000000
0.400000	5.385993E-5	5.385993E-5	0.000000	0.000000
0.800000	9.503482E-5	9.503482E-5	0.000000	0.000000
1.200000	0.000108	0.000108	0.000000	0.000000
1.600000	0.000114	0.000114	0.000000	0.000000
2.000000	0.000120	0.000120	0.000000	0.000000
2.400000	0.000125	0.000125	0.000000	0.000000
2.800000	0.000129	0.000129	0.000000	0.000000
3.200000	0.000133	0.000133	0.000000	0.000000
3.600000	0.000137	0.000137	0.000000	0.000000
4.000000	0.000140	0.000140	0.000000	0.000000
4.400000	0.000143	0.000143	0.000000	0.000000
4.800000	0.000146	0.000146	0.000000	0.000000
5.200000	0.000149	0.000149	0.000000	0.000000
5.600000	0.000151	0.000151	0.000000	0.000000
6.000000	0.000153	0.000153	0.000000	0.000000
6.400000	0.000156	0.000156	0.000000	0.000000
6.800000	0.000158	0.000158	0.000000	0.000000
7.200000	0.000160	0.000160	0.000000	0.000000
7.600000	0.000161	0.000161	0.000000	0.000000
8.000000	0.000163	0.000163	0.000000	0.000000
8.400000	0.000165	0.000165	0.000000	0.000000
8.800000	0.000166	0.000166	0.000000	0.000000
9.200000	0.000167	0.000167	0.000000	0.000000
9.600000	0.000169	0.000169	0.000000	0.000000
10.000000	0.000170	0.000170	0.000000	0.000000
