bias(V)	absmean(A)	mean(A)	range/2(A)	relerror
0.000000	3.413150E-9	3.413150E-9	0.000000	0.000000
0.400000	5.580412E-5	5.580412E-5	0.000000	0.000000
0.800000	0.000117	0.000117	0.000000	0.000000
1.200000	0.000174	0.000174	0.000000	0.000000
1.600000	0.000214	0.000214	0.000000	0.000000
2.000000	0.000234	0.000234	0.000000	0.000000
2.400000	0.000240	0.000240	0.000000	0.000000
2.800000	0.000245	0.000245	0.000000	0.000000
3.200000	0.000249	0.000249	0.000000	0.000000
3.600000	0.000253	0.000253	0.000000	0.000000
4.000000	0.000256	0.000256	0.000000	0.000000
4.400000	0.000260	0.000260	0.000000	0.000000
4.800000	0.000263	0.000263	0.000000	0.000000
5.200000	0.000267	0.000267	0.000000	0.000000
5.600000	0.000270	0.000270	0.000000	0.000000
6.000000	0.000273	0.000273	0.000000	0.000000
6.400000	0.000276	0.000276	0.000000	0.000000
6.800000	0.000279	0.000279	0.000000	0.000000
7.200000	0.000282	0.000282	0.000000	0.000000
7.600000	0.000285	0.000285	0.000000	0.000000
8.000000	0.000288	0.000288	0.000000	0.000000
8.400000	0.000291	0.000291	0.000000	0.000000
8.800000	0.000293	0.000293	0.000000	0.000000
9.200000	0.000295	0.000295	0.000000	0.000000
9.600000	0.000298	0.000298	0.000000	0.000000
10.000000	0.000300	0.000300	0.000000	0.000000
