bias(V)	absmean(A)	mean(A)	range/2(A)	relerror
0.000000	4.582474E-9	4.582474E-9	0.000000	0.000000
0.400000	6.535446E-5	6.535446E-5	0.000000	0.000000
0.800000	0.000149	0.000149	0.000000	0.000000
1.200000	0.000239	0.000239	0.000000	0.000000
1.600000	0.000323	0.000323	0.000000	0.000000
2.000000	0.000396	0.000396	0.000000	0.000000
2.400000	0.000450	0.000450	0.000000	0.000000
2.800000	0.000484	0.000484	0.000000	0.000000
3.200000	0.000497	0.000497	0.000000	0.000000
3.600000	0.000503	0.000503	0.000000	0.000000
4.000000	0.000508	0.000508	0.000000	0.000000
4.400000	0.000512	0.000512	0.000000	0.000000
4.800000	0.000516	0.000516	0.000000	0.000000
5.200000	0.000520	0.000520	0.000000	0.000000
5.600000	0.000524	0.000524	0.000000	0.000000
6.000000	0.000528	0.000528	0.000000	0.000000
6.400000	0.000531	0.000531	0.000000	0.000000
6.800000	0.000534	0.000534	0.000000	0.000000
7.200000	0.000538	0.000538	0.000000	0.000000
7.600000	0.000541	0.000541	0.000000	0.000000
8.000000	0.000544	0.000544	0.000000	0.000000
8.400000	0.000547	0.000547	0.000000	0.000000
8.800000	0.000550	0.000550	0.000000	0.000000
9.200000	0.000553	0.000553	0.000000	0.000000
9.600000	0.000555	0.000555	0.000000	0.000000
10.000000	0.000558	0.000558	0.000000	0.000000
