bias(V)	absmean(A)	mean(A)	range/2(A)	relerror
0.000000	5.413438E-9	5.413438E-9	0.000000	0.000000
0.400000	8.414449E-5	8.414449E-5	0.000000	0.000000
0.800000	0.000214	0.000214	0.000000	0.000000
1.200000	0.000368	0.000368	0.000000	0.000000
1.600000	0.000521	0.000521	0.000000	0.000000
2.000000	0.000657	0.000657	0.000000	0.000000
2.400000	0.000764	0.000764	0.000000	0.000000
2.800000	0.000835	0.000835	0.000000	0.000000
3.200000	0.000866	0.000866	0.000000	0.000000
3.600000	0.000878	0.000878	0.000000	0.000000
4.000000	0.000887	0.000887	0.000000	0.000000
4.400000	0.000895	0.000895	0.000000	0.000000
4.800000	0.000902	0.000902	0.000000	0.000000
5.200000	0.000908	0.000908	0.000000	0.000000
5.600000	0.000914	0.000914	0.000000	0.000000
6.000000	0.000919	0.000919	0.000000	0.000000
6.400000	0.000925	0.000925	0.000000	0.000000
6.800000	0.000930	0.000930	0.000000	0.000000
7.200000	0.000934	0.000934	0.000000	0.000000
7.600000	0.000939	0.000939	0.000000	0.000000
8.000000	0.000943	0.000943	0.000000	0.000000
8.400000	0.000947	0.000947	0.000000	0.000000
8.800000	0.000951	0.000951	0.000000	0.000000
9.200000	0.000955	0.000955	0.000000	0.000000
9.600000	0.000959	0.000959	0.000000	0.000000
10.000000	0.000963	0.000963	0.000000	0.000000
