bias(V)	absmean(A)	mean(A)	range/2(A)	relerror
0.000000	4.969750E-9	4.969750E-9	0.000000	0.000000
0.400000	0.000118	0.000118	0.000000	0.000000
0.800000	0.000367	0.000367	0.000000	0.000000
1.200000	0.000711	0.000711	0.000000	0.000000
1.600000	0.001098	0.001098	0.000000	0.000000
2.000000	0.001496	0.001496	0.000000	0.000000
2.400000	0.001884	0.001884	0.000000	0.000000
2.800000	0.002247	0.002247	0.000000	0.000000
3.200000	0.002574	0.002574	0.000000	0.000000
3.600000	0.002855	0.002855	0.000000	0.000000
4.000000	0.003081	0.003081	0.000000	0.000000
4.400000	0.003245	0.003245	0.000000	0.000000
4.800000	0.003347	0.003347	0.000000	0.000000
5.200000	0.003403	0.003403	0.000000	0.000000
5.600000	0.003442	0.003442	0.000000	0.000000
6.000000	0.003472	0.003472	0.000000	0.000000
6.400000	0.003498	0.003498	0.000000	0.000000
6.800000	0.003522	0.003522	0.000000	0.000000
7.200000	0.003543	0.003543	0.000000	0.000000
7.600000	0.003563	0.003563	0.000000	0.000000
8.000000	0.003582	0.003582	0.000000	0.000000
8.400000	0.003600	0.003600	0.000000	0.000000
8.800000	0.003617	0.003617	0.000000	0.000000
9.200000	0.003633	0.003633	0.000000	0.000000
9.600000	0.003650	0.003650	0.000000	0.000000
10.000000	0.003666	0.003666	0.000000	0.000000
