bias(V)	absmean(A)	mean(A)	range/2(A)	relerror
0.000000	4.063168E-9	4.063168E-9	0.000000	0.000000
0.400000	0.000114	0.000114	0.000000	0.000000
0.800000	0.000343	0.000343	0.000000	0.000000
1.200000	0.000645	0.000645	0.000000	0.000000
1.600000	0.000970	0.000970	0.000000	0.000000
2.000000	0.001288	0.001288	0.000000	0.000000
2.400000	0.001577	0.001577	0.000000	0.000000
2.800000	0.001824	0.001824	0.000000	0.000000
3.200000	0.002016	0.002016	0.000000	0.000000
3.600000	0.002143	0.002143	0.000000	0.000000
4.000000	0.002212	0.002212	0.000000	0.000000
4.400000	0.002249	0.002249	0.000000	0.000000
4.800000	0.002276	0.002276	0.000000	0.000000
5.200000	0.002299	0.002299	0.000000	0.000000
5.600000	0.002319	0.002319	0.000000	0.000000
6.000000	0.002337	0.002337	0.000000	0.000000
6.400000	0.002354	0.002354	0.000000	0.000000
6.800000	0.002370	0.002370	0.000000	0.000000
7.200000	0.002384	0.002384	0.000000	0.000000
7.600000	0.002398	0.002398	0.000000	0.000000
8.000000	0.002412	0.002412	0.000000	0.000000
8.400000	0.002425	0.002425	0.000000	0.000000
8.800000	0.002438	0.002438	0.000000	0.000000
9.200000	0.002450	0.002450	0.000000	0.000000
9.600000	0.002463	0.002463	0.000000	0.000000
10.000000	0.002476	0.002476	0.000000	0.000000
