bias(V)	absmean(A)	mean(A)	range/2(A)	relerror
0.000000	1.973068E-8	1.973068E-8	0.000000	0.000000
0.010000	7.198507E-8	7.198507E-8	0.000000	0.000000
0.020000	1.325564E-7	1.325564E-7	0.000000	0.000000
0.030000	2.041068E-7	2.041068E-7	0.000000	0.000000
0.040000	2.875329E-7	2.875329E-7	0.000000	0.000000
0.050000	3.869280E-7	3.869280E-7	0.000000	0.000000
0.060000	5.055549E-7	5.055549E-7	0.000000	0.000000
0.070000	6.474997E-7	6.474997E-7	0.000000	0.000000
0.080000	8.206597E-7	8.206597E-7	0.000000	0.000000
0.090000	1.032439E-6	1.032439E-6	0.000000	0.000000
0.100000	1.293576E-6	1.293576E-6	0.000000	0.000000
0.110000	1.625920E-6	1.625920E-6	0.000000	0.000000
0.120000	2.049916E-6	2.049916E-6	0.000000	0.000000
0.130000	2.675525E-6	2.675525E-6	0.000000	0.000000
0.140000	3.413708E-6	3.413708E-6	0.000000	0.000000
0.150000	4.392521E-6	4.392521E-6	0.000000	0.000000
0.160000	5.686124E-6	5.686124E-6	0.000000	0.000000
0.170000	7.460579E-6	7.460579E-6	0.000000	0.000000
0.180000	9.797207E-6	9.797207E-6	0.000000	0.000000
0.190000	1.289685E-5	1.289685E-5	0.000000	0.000000
0.200000	1.701896E-5	1.701896E-5	0.000000	0.000000
0.210000	2.241973E-5	2.241973E-5	0.000000	0.000000
0.220000	2.938462E-5	2.938462E-5	0.000000	0.000000
0.230000	3.820843E-5	3.820843E-5	0.000000	0.000000
0.240000	4.917881E-5	4.917881E-5	0.000000	0.000000
0.250000	6.252235E-5	6.252235E-5	0.000000	0.000000
0.260000	7.831828E-5	7.831828E-5	0.000000	0.000000
0.270000	9.659441E-5	9.659441E-5	0.000000	0.000000
0.280000	0.000117	0.000117	0.000000	0.000000
0.290000	0.000140	0.000140	0.000000	0.000000
0.300000	0.000166	0.000166	0.000000	0.000000
0.310000	0.000193	0.000193	0.000000	0.000000
0.320000	0.000223	0.000223	0.000000	0.000000
0.330000	0.000253	0.000253	0.000000	0.000000
0.340000	0.000286	0.000286	0.000000	0.000000
0.350000	0.000320	0.000320	0.000000	0.000000
0.360000	0.000355	0.000355	0.000000	0.000000
0.370000	0.000391	0.000391	0.000000	0.000000
0.380000	0.000427	0.000427	0.000000	0.000000
0.390000	0.000465	0.000465	0.000000	0.000000
0.400000	0.000503	0.000503	0.000000	0.000000
0.410000	0.000542	0.000542	0.000000	0.000000
0.420000	0.000582	0.000582	0.000000	0.000000
0.430000	0.000622	0.000622	0.000000	0.000000
0.440000	0.000663	0.000663	0.000000	0.000000
0.450000	0.000705	0.000705	0.000000	0.000000
0.460000	0.000746	0.000746	0.000000	0.000000
0.470000	0.000788	0.000788	0.000000	0.000000
0.480000	0.000831	0.000831	0.000000	0.000000
0.490000	0.000874	0.000874	0.000000	0.000000
0.500000	0.000918	0.000918	0.000000	0.000000
0.510000	0.000961	0.000961	0.000000	0.000000
0.520000	0.001005	0.001005	0.000000	0.000000
0.530000	0.001048	0.001048	0.000000	0.000000
0.540000	0.001093	0.001093	0.000000	0.000000
0.550000	0.001137	0.001137	0.000000	0.000000
0.560000	0.001181	0.001181	0.000000	0.000000
0.570000	0.001226	0.001226	0.000000	0.000000
0.580000	0.001271	0.001271	0.000000	0.000000
0.590000	0.001316	0.001316	0.000000	0.000000
0.600000	0.001361	0.001361	0.000000	0.000000
