bias(V)	absmean(A)	mean(A)	range/2(A)	relerror
-2.000000	4.132159E-7	-4.132159E-7	0.000000	0.000000
-1.900000	3.976869E-7	-3.976869E-7	0.000000	0.000000
-1.800000	3.811108E-7	-3.811108E-7	0.000000	0.000000
-1.700000	3.670429E-7	-3.670429E-7	0.000000	0.000000
-1.600000	3.520744E-7	-3.520744E-7	0.000000	0.000000
-1.500000	3.388315E-7	-3.388315E-7	0.000000	0.000000
-1.400000	3.273707E-7	-3.273707E-7	0.000000	0.000000
-1.300000	3.127183E-7	-3.127183E-7	0.000000	0.000000
-1.200000	2.987001E-7	-2.987001E-7	0.000000	0.000000
-1.100000	2.837837E-7	-2.837837E-7	0.000000	0.000000
-1.000000	2.704887E-7	-2.704887E-7	0.000000	0.000000
-0.900000	2.598572E-7	-2.598572E-7	0.000000	0.000000
-0.800000	2.480065E-7	-2.480065E-7	0.000000	0.000000
-0.700000	2.366488E-7	-2.366488E-7	0.000000	0.000000
-0.600000	2.240480E-7	-2.240480E-7	0.000000	0.000000
-0.500000	2.103460E-7	-2.103460E-7	0.000000	0.000000
-0.400000	1.997333E-7	-1.997333E-7	0.000000	0.000000
-0.300000	1.861274E-7	-1.861274E-7	0.000000	0.000000
-0.200000	1.733085E-7	-1.733085E-7	0.000000	0.000000
-0.100000	1.532043E-7	-1.532043E-7	0.000000	0.000000
0.000000	7.374239E-8	-7.374239E-8	0.000000	0.000000
0.100000	8.459432E-7	8.459432E-7	0.000000	0.000000
0.200000	1.651131E-5	1.651131E-5	0.000000	0.000000
0.300000	0.000167	0.000167	0.000000	0.000000
0.400000	0.000506	0.000506	0.000000	0.000000
0.500000	0.000922	0.000922	0.000000	0.000000
0.600000	0.001367	0.001367	0.000000	0.000000
0.700000	0.001829	0.001829	0.000000	0.000000
0.800000	0.002299	0.002299	0.000000	0.000000
0.900000	0.002776	0.002776	0.000000	0.000000
1.000000	0.003257	0.003257	0.000000	0.000000
1.100000	0.003740	0.003740	0.000000	0.000000
1.200000	0.004228	0.004228	0.000000	0.000000
1.300000	0.004716	0.004716	0.000000	0.000000
1.400000	0.005206	0.005206	0.000000	0.000000
1.500000	0.005699	0.005699	0.000000	0.000000
1.600000	0.006182	0.006182	0.000000	0.000000
1.700000	0.006675	0.006675	0.000000	0.000000
1.800000	0.007168	0.007168	0.000000	0.000000
1.900000	0.007662	0.007662	0.000000	0.000000
2.000000	0.008158	0.008158	0.000000	0.000000
