bias(V)	absmean(A)	mean(A)	range/2(A)	relerror
-2.000000	3.912040E-8	-3.912040E-8	0.000000	0.000000
-1.900000	3.821609E-8	-3.821609E-8	0.000000	0.000000
-1.800000	3.718799E-8	-3.718799E-8	0.000000	0.000000
-1.700000	3.623635E-8	-3.623635E-8	0.000000	0.000000
-1.600000	3.507467E-8	-3.507467E-8	0.000000	0.000000
-1.500000	3.408316E-8	-3.408316E-8	0.000000	0.000000
-1.400000	3.293763E-8	-3.293763E-8	0.000000	0.000000
-1.300000	3.189098E-8	-3.189098E-8	0.000000	0.000000
-1.200000	3.079035E-8	-3.079035E-8	0.000000	0.000000
-1.100000	2.976832E-8	-2.976832E-8	0.000000	0.000000
-1.000000	2.874669E-8	-2.874669E-8	0.000000	0.000000
-0.900000	2.751812E-8	-2.751812E-8	0.000000	0.000000
-0.800000	2.625533E-8	-2.625533E-8	0.000000	0.000000
-0.700000	2.497886E-8	-2.497886E-8	0.000000	0.000000
-0.600000	2.365190E-8	-2.365190E-8	0.000000	0.000000
-0.500000	2.233669E-8	-2.233669E-8	0.000000	0.000000
-0.400000	2.100813E-8	-2.100813E-8	0.000000	0.000000
-0.300000	1.952472E-8	-1.952472E-8	0.000000	0.000000
-0.200000	1.785309E-8	-1.785309E-8	0.000000	0.000000
-0.100000	1.542678E-8	-1.542678E-8	0.000000	0.000000
0.000000	6.652444E-9	6.652444E-9	0.000000	0.000000
0.100000	5.769221E-7	5.769221E-7	0.000000	0.000000
0.200000	1.509855E-5	1.509855E-5	0.000000	0.000000
0.300000	0.000162	0.000162	0.000000	0.000000
0.400000	0.000483	0.000483	0.000000	0.000000
0.500000	0.000878	0.000878	0.000000	0.000000
0.600000	0.001301	0.001301	0.000000	0.000000
0.700000	0.001740	0.001740	0.000000	0.000000
0.800000	0.002186	0.002186	0.000000	0.000000
0.900000	0.002640	0.002640	0.000000	0.000000
1.000000	0.003097	0.003097	0.000000	0.000000
1.100000	0.003556	0.003556	0.000000	0.000000
1.200000	0.004020	0.004020	0.000000	0.000000
1.300000	0.004484	0.004484	0.000000	0.000000
1.400000	0.004950	0.004950	0.000000	0.000000
1.500000	0.005418	0.005418	0.000000	0.000000
1.600000	0.005885	0.005885	0.000000	0.000000
1.700000	0.006354	0.006354	0.000000	0.000000
1.800000	0.006822	0.006822	0.000000	0.000000
1.900000	0.007293	0.007293	0.000000	0.000000
2.000000	0.007766	0.007766	0.000000	0.000000
