bias(V)	absmean(A)	mean(A)	range/2(A)	relerror
-2.000000	7.799965E-7	-7.799965E-7	0.000000	0.000000
-1.900000	7.412191E-7	-7.412191E-7	0.000000	0.000000
-1.800000	7.069213E-7	-7.069213E-7	0.000000	0.000000
-1.700000	6.700907E-7	-6.700907E-7	0.000000	0.000000
-1.600000	6.361348E-7	-6.361348E-7	0.000000	0.000000
-1.500000	6.007579E-7	-6.007579E-7	0.000000	0.000000
-1.400000	5.691191E-7	-5.691191E-7	0.000000	0.000000
-1.300000	5.357455E-7	-5.357455E-7	0.000000	0.000000
-1.200000	5.043373E-7	-5.043373E-7	0.000000	0.000000
-1.100000	4.736714E-7	-4.736714E-7	0.000000	0.000000
-1.000000	4.424664E-7	-4.424664E-7	0.000000	0.000000
-0.900000	4.143519E-7	-4.143519E-7	0.000000	0.000000
-0.800000	3.845675E-7	-3.845675E-7	0.000000	0.000000
-0.700000	3.552277E-7	-3.552277E-7	0.000000	0.000000
-0.600000	3.250879E-7	-3.250879E-7	0.000000	0.000000
-0.500000	2.950285E-7	-2.950285E-7	0.000000	0.000000
-0.400000	2.645389E-7	-2.645389E-7	0.000000	0.000000
-0.300000	2.328659E-7	-2.328659E-7	0.000000	0.000000
-0.200000	1.988688E-7	-1.988688E-7	0.000000	0.000000
-0.100000	1.509060E-7	-1.509060E-7	0.000000	0.000000
0.000000	2.589803E-8	2.589803E-8	0.000000	0.000000
0.100000	2.237264E-6	2.237264E-6	0.000000	0.000000
0.200000	4.694994E-5	4.694994E-5	0.000000	0.000000
0.300000	0.000324	0.000324	0.000000	0.000000
0.400000	0.000791	0.000791	0.000000	0.000000
0.500000	0.001327	0.001327	0.000000	0.000000
0.600000	0.001892	0.001892	0.000000	0.000000
0.700000	0.002474	0.002474	0.000000	0.000000
0.800000	0.003065	0.003065	0.000000	0.000000
0.900000	0.003663	0.003663	0.000000	0.000000
1.000000	0.004266	0.004266	0.000000	0.000000
1.100000	0.004872	0.004872	0.000000	0.000000
1.200000	0.005481	0.005481	0.000000	0.000000
1.300000	0.006091	0.006091	0.000000	0.000000
1.400000	0.006704	0.006704	0.000000	0.000000
1.500000	0.007319	0.007319	0.000000	0.000000
1.600000	0.007934	0.007934	0.000000	0.000000
1.700000	0.008550	0.008550	0.000000	0.000000
1.800000	0.009166	0.009166	0.000000	0.000000
1.900000	0.009783	0.009783	0.000000	0.000000
2.000000	0.010400	0.010400	0.000000	0.000000
