Voltage	capacitance	conductance	depth
7.850000E-3	0.000000E+0	-1.600000E+1	5.000000E-1
0.000000	9.304000E-11	3.980000E-5	8.811001E-5	7.670576E+14
-0.500000	6.288000E-11	1.740000E-5	0.000130	7.065189E+14
-1.000000	5.063000E-11	1.120000E-5	0.000162	7.052754E+14
-1.500000	4.352000E-11	8.300000E-6	0.000188	7.103013E+14
-2.000000	3.883000E-11	6.400000E-6	0.000211	7.137533E+14
-2.500000	3.536000E-11	5.400000E-6	0.000232	7.133201E+14
-3.000000	3.270000E-11	4.400000E-6	0.000251	7.177938E+14
-3.500000	3.057000E-11	3.700000E-6	0.000268	7.195974E+14
-4.000000	2.881000E-11	3.100000E-6	0.000285	7.192308E+14
-4.500000	2.732000E-11	2.900000E-6	0.000300	7.277912E+14
-5.000000	2.607000E-11	2.500000E-6	0.000314	7.276198E+14
-5.500000	2.495000E-11	2.100000E-6	0.000329	7.056455E+14
-6.000000	2.393000E-11	1.800000E-6	0.000343	7.249413E+14
-6.500000	2.310000E-11	1.700000E-6	0.000355	7.331393E+14
-7.000000	2.230000E-11	1.500000E-6	0.000368	7.310965E+14
-7.500000	2.162000E-11	1.000000E-6	0.000379	7.495120E+14
-8.000000	2.099000E-11	1.300000E-6	0.000391	7.495175E+14
-8.500000	2.042000E-11	9.000000E-7	0.000401	7.303243E+14
-9.000000	1.986000E-11	1.200000E-6	0.000413	7.190423E+14
-9.500000	1.936000E-11	7.000000E-7	0.000423	7.600810E+14
-10.000000	1.893000E-11	9.000000E-7	0.000433	7.549224E+14
-10.500000	1.849000E-11	3.000000E-7	0.000443	7.315863E+14
-11.000000	1.809000E-11	5.000000E-7	0.000453	7.681647E+14
-11.500000	1.774000E-11	6.000000E-7	0.000462	7.614827E+14
-12.000000	1.738000E-11	4.000000E-7	0.000472	7.281514E+14
-12.500000	1.704000E-11	2.000000E-7	0.000481	7.163966E+14
-13.000000	1.671000E-11	1.000000E-7	0.000491	7.578949E+14
-13.500000	1.644000E-11	4.000000E-7	0.000499	7.977196E+14
-14.000000	1.617000E-11	3.000000E-7	0.000507	7.590441E+14
-14.500000	1.590000E-11	-1.000000E-7	0.000516	7.216390E+14
-15.000000	1.563000E-11	-1.000000E-7	0.000524	7.757163E+14
-15.500000	1.542000E-11	-1.000000E-7	0.000532	7.698098E+14
-16.000000	1.517000E-11	-1.000000E-7	0.000540	-4.612875E+13
